1440474214
2112194511
1023389230
1856238461
1830133054
1993433371
2150467055
2096022851
2178581184
2286753132
2415103863
1495454500
2161154587
1893320914
1746760384
1992005631
2537832702
2424945283
2510096384
1982749544
1998396171
2373223672
2146739337
2250676735
1947606171
2424830197
1848663147
1334034890
1516698455
2090280502
2347038911
1865809785
2293500582
1798549067
2515788352
1599267762
1563999147
2392522024
2012820151
2153063787
2429759487
1780335825
1796586124
2349104310
1789847724
2218599230
1738523677
1799677972
2291304372
1574030912
1583467791
2195642724
2252731520
2079750241
1589467433
2176183094
1761294693
1665549442
2212959222
2435760577
1882493563
1801980770
1758239893
2125998410
2188286912
2453474323
2483693550
2478411523
2051431310
2564418835
1597424034
2397077995
2482612155
1132579283
2591006724
1949740207
2103750445
2392894594
1831663660
2440464823
1956670520
1718738524
2131749320
2504567175
1861318932
1796917277
1759043953
2289735977
2118505802
1887237347
2301681047
2114142595
1667886565
2278839170
1942475837
2564904927
2370905354
2711070427
1662502512
2810161880
2808712494
2396176461
2857712530
2808746834
2406695520
2810144394
1213117864
2159396265
1605616925
2684694921
2373472492
2373481424
2782278674
2341348074
2155226773
2154105251
2540192725
2188218130
2640022960
2611354004
2656342144
1803325691
2574976342
1794642254
2477943031
2583914354
1878017997
2521346980
2427185262
1693745631
2395459952
1655428225
1953173870
2557295515
2305818485
1917609973
2471362443
2590413652
1907233300
1805660587
2632899140
1789135160
2509932462
2602585590
2404573253
2421160244
2215837007
1706316771
1976890801
1655078251
1918840365
1561602785
2457420215
2438199384
1367298291
1947283123
1641985404
2460693855
1735459860
2411386742
2149241817
2501545004
2006606705
1912637787
1952232334
1794895672
1983465347
2137455647
1862982527
2467376322
2474589607
1792985680
2553152230
2326220274
1993472925
2178562417
2529453353
2315422441
1653627874
2508443570
2624842232
2465144280
2619170590
2249308943
1071900412
2502040583
2101488560
2607409134
2437561700
2622185540
1804628015
1953070824
2093053935
2468053402
1998214833
2473963103
2516271040
2511784572
2042279682
1645072855
2441516741
1104519960
2189825487
1011213043
2512451191
2109303553
2521979765
2519852682
1890382082
2608116612
1909627855
2369385434
2431676793
2615374912
1401094220
1631244965
2419233712
1723841791
2559598782
1994233830
2366126997
1633697007
2120770840
2519149182
1717143961
1633552027
1870803972
1938417750
2588273784
2608921190
1976676751
1623057520
2609535612
2611638350
1877061487
1602061971
2489854630
2046808483
2497224812
2438688910
2006356311
1960269233
2314539547
2249717811
2512614784
2608996830
2414419914
2151706074
1283656883
1429084732
2521006214
1099767520
2384195820
2024460301
1548157030
2332618850
2185942684
2117398862
2047028957
2219546562
2084947693
2543596042
2509115510
2484258643
2048074892
2576326930
2038670470
1575449224
1767277874
2588693790
2619216414
2429130034
2545223440
2153046024
2338475461
2313319204
2562964892
1654727873
2438723787
1721124903
1739011850
1604660914
2597483700
1706407992
2517371731
2522636181
1953267750
1409968677
2189364214
1747156381
2400497567
1799531600
1403248912
2101430192
1710854354
1895698010
2545661024
2373054755
2159244257
2135435242
2439114983
1742447094
2349989135
2013115495
1802410737
2006170287
2390175774
2519293504
2262053470
2425748357
2364211752
2512588294
2529988514
2433412084
2528392080
1954143237
2440810942
2451932897
2094850354
2189339144
1904670890
1799939897
2036888404
2286533994
2158471457
2426934401
2214058822
2451956712
2448293257
2311260351
1862758594
1740033604
1560893803
1894031492
2495410562
2600492052
2321100763
2391588687
2410523590
2391326584
2119835093
2440147434
2351192597
2284918330
2467421534
2275307977
2128397624
2053682763
2122711164
2107756212
2018448931
2516647073
2506676591
2521637925
2490930425
2367897062
1877887000
2493477813
1860845512
1774378875
2435223831
2245804580
2494831360
1230079194
1828877164
1842330771
2491633247
1620372083
2442919065
2396328180
2486723511
2476019505
2511690634
2483381431
2395328692
2455813914
2476150312
2422604195
2543231220
2146757352
2340150505
2261440844
1922579342
2457785143
2287896673
2465343475
2304516423
1623185534
2098437990
1347885887
2388499544
2340926457
2298160063
2530579052
1420004144
2426253014
2484840475
1744552817
2505532641
2205504000
2551732632
2520650617
2379309391
1745297707
2009182345
2125931925
2095495384
2233884192
1766100881
1865157382
2166162581
1735374447
1909827331
2045873540
2166007042
1924324443
1740319413
1921582005
2101281035
1846214004
1833404644
1627361371
1771474572
1742440754
1995598991
1870605083
1777990995
1642635773
2001635522
1640601392
2041556875
1954494495
1920097925
1803708497
1786020122
1100678467
1119139593
2139446095
1764222885
1751165525
1887166332
2430769964
1733428245
1915948900
1921764052
2334229534
1856541105
2181437380
1856216647
1784853717
1765836252
1884842342
1834257884
1770349323
1762436132
1761685101
1671526850
1769049025
1782915551
2283726682
2010370375
1875571163
1803605312
1771480224
1966770717
2174891557
1733833741
1794998604
2088984657
2108833704
2203755164
2136309927
1748370373
1642634100
1740337061
1780550155
2035758063
2135746400
1875598937
2140555343
1746090672
1913369527
1757402291
1821756794
2301726604
1849086347
1991085057
2303098147
1991169363
2110834114
2125531425
1800027494
2257631600
1870999911
2127332881
1511923312
2145693057
2021579583
1961371817
1767024524
1440474214
2112194511
1023389230
1856238461
1830133054
1993433371
2150467055
2096022851
2178581184
2286753132
2415103863
1495454500
2161154587
1893320914
1746760384
1992005631
2537832702
2424945283
2510096384
1982749544
1998396171
2373223672
2146739337
2250676735
1947606171
2424830197
1848663147
1334034890
1516698455
2090280502
2347038911
1865809785
2293500582
1798549067
2515788352
1599267762
1563999147
2392522024
2012820151
2153063787
2429759487
1780335825
1796586124
2349104310
1789847724
2218599230
1738523677
1799677972
2291304372
1574030912
1583467791
2195642724
2252731520
2079750241
1589467433
2176183094
1761294693
1665549442
2212959222
2435760577
1882493563
1801980770
1758239893
2125998410
2188286912
2453474323
2483693550
2478411523
2051431310
2564418835
1597424034
2397077995
2482612155
1132579283
2591006724
1949740207
2103750445
2392894594
1831663660
2440464823
1956670520
1718738524
2131749320
2504567175
1861318932
1796917277
1759043953
2289735977
2118505802
1887237347
2301681047
2114142595
1667886565
2278839170
1942475837
2564904927
2370905354
2711070427
1662502512
2810161880
2808712494
2396176461
2857712530
2808746834
2406695520
2810144394
1213117864
2159396265
1605616925
2684694921
2373472492
2373481424
2782278674
2341348074
2155226773
2154105251
2540192725
2188218130
2640022960
2611354004
2656342144
1803325691
2574976342
1794642254
2477943031
2583914354
1878017997
2521346980
2427185262
1693745631
2395459952
1655428225
1953173870
2557295515
2305818485
1917609973
2471362443
2590413652
1907233300
1805660587
2632899140
1789135160
2509932462
2602585590
2404573253
2421160244
2215837007
1706316771
1976890801
1655078251
1918840365
1561602785
2457420215
2438199384
1367298291
1947283123
1641985404
2460693855
1735459860
2411386742
2149241817
2501545004
2006606705
1912637787
1952232334
1794895672
1983465347
2137455647
1862982527
2467376322
2474589607
1792985680
2553152230
2326220274
1993472925
2178562417
2529453353
2315422441
1653627874
2508443570
2624842232
2465144280
2619170590
2249308943
1071900412
2502040583
2101488560
2607409134
2437561700
2622185540
1804628015
1953070824
2093053935
2468053402
1998214833
2473963103
2516271040
2511784572
2042279682
1645072855
2441516741
1104519960
2189825487
1011213043
2512451191
2109303553
2521979765
2519852682
1890382082
2608116612
1909627855
2369385434
2431676793
2615374912
1401094220
1631244965
2419233712
1723841791
2559598782
1994233830
2366126997
1633697007
2120770840
2519149182
1717143961
1633552027
1870803972
1938417750
2588273784
2608921190
1976676751
1623057520
2609535612
2611638350
1877061487
1602061971
2489854630
2046808483
2497224812
2438688910
2006356311
1960269233
2314539547
2249717811
2512614784
2608996830
2414419914
2151706074
1283656883
1429084732
2521006214
1099767520
2384195820
2024460301
1548157030
2332618850
2185942684
2117398862
2047028957
2219546562
2084947693
2543596042
2509115510
2484258643
2048074892
2576326930
2038670470
1575449224
1767277874
2588693790
2619216414
2429130034
2545223440
2153046024
2338475461
2313319204
2562964892
1654727873
2438723787
1721124903
1739011850
1604660914
2597483700
1706407992
2517371731
2522636181
1953267750
1409968677
2189364214
1747156381
2400497567
1799531600
1403248912
2101430192
1710854354
1895698010
2545661024
2373054755
2159244257
2135435242
2439114983
1742447094
2349989135
2013115495
1802410737
2006170287
2390175774
2519293504
2262053470
2425748357
2364211752
2512588294
2529988514
2433412084
2528392080
1954143237
2440810942
2451932897
2094850354
2189339144
1904670890
1799939897
2036888404
2286533994
2158471457
2426934401
2214058822
2451956712
2448293257
2311260351
1862758594
1740033604
1560893803
1894031492
2495410562
2600492052
2321100763
2391588687
2410523590
2391326584
2119835093
2440147434
2351192597
2284918330
2467421534
2275307977
2128397624
2053682763
2122711164
2107756212
2018448931
2516647073
2506676591
2521637925
2490930425
2367897062
1877887000
2493477813
1860845512
1774378875
2435223831
2245804580
2494831360
1230079194
1828877164
1842330771
2491633247
1620372083
2442919065
2396328180
2486723511
2476019505
2511690634
2483381431
2395328692
2455813914
2476150312
2422604195
2543231220
2146757352
2340150505
2261440844
1922579342
2457785143
2287896673
2465343475
2304516423
1623185534
2098437990
1347885887
2388499544
2340926457
2298160063
2530579052
1420004144
2426253014
2484840475
1744552817
2505532641
2205504000
2551732632
2520650617
2379309391
1745297707
2009182345
2125931925
2095495384
2233884192
1766100881
1865157382
2166162581
1735374447
1909827331
2045873540
2166007042
1924324443
1740319413
1921582005
2101281035
1846214004
1833404644
1627361371
1771474572
1742440754
1995598991
1870605083
1777990995
1642635773
2001635522
1640601392
2041556875
1954494495
1920097925
1803708497
1786020122
1100678467
1119139593
2139446095
1764222885
1751165525
1887166332
2430769964
1733428245
1915948900
1921764052
2334229534
1856541105
2181437380
1856216647
1784853717
1765836252
1884842342
1834257884
1770349323
1762436132
1761685101
1671526850
1769049025
1782915551
2283726682
2010370375
1875571163
1803605312
1771480224
1966770717
2174891557
1733833741
1794998604
2088984657
2108833704
2203755164
2136309927
1748370373
1642634100
1740337061
1780550155
2035758063
2135746400
1875598937
2140555343
1746090672
1913369527
1757402291
1821756794
2301726604
1849086347
1991085057
2303098147
1991169363
2110834114
2125531425
1800027494
2257631600
1870999911
2127332881
1511923312
2145693057
2021579583
1961371817
1767024524
