1651137554
2269045052
1462649411
1670481425
1872109493
1904178193
2097024354
2377094081
2090297140
2554668724
2142166543
1937725874
2294942122
1821898647
1904639263
1784501333
1409914860
2168091904
2060149393
1749127163
2684704821
1191258123
2661400357
1989710281
2140365191
1751151042
1704258572
1805530543
1679345024
1806113665
1665648761
1914207943
1645171780
1880702722
1645495153
1938364634
1785749160
1958319293
2118746300
1856404484
1529573474
1850988623
1642634100
1774800467
1750070171
1763362173
2109576703
1197161814
2294456880
1650628323
1408265530
1781387491
1717724150
1746983122
1880961937
1896048617
1497162881
1642351200
1885695252
1832447572
1762436132
1762719777
1757353251
1646465281
1252373132
1644395354
1286528122
1845442717
1650594105
