2597765120
1550942210
1908211715
2611019783
2852454410
2442362892
1066303502
2266267670
2297069591
1747353625
2138996762
1548058651
2638446623
2057076774
2438982322
1905328177
1649743243
2136834101
2875588664
2186297355
1916480182
2199879750
2689269833
1807024204
2453667917
1556998840
2918187094
2337144923
2636775521
2367881233
1837662315
2404907055
2192474223
2099773553
2023129214
1731199103
1853849731
2674393221
2385248392
2385019022
1957331087
2213544083
2834437324
1789821077
2667479190
2425651352
1957462170
1256292511
2710503584
2722955425
1373012130
1734279332
2217181350
2301132967
2637660331
2132410544
2381775025
2692350133
2186313911
2376401080
1751482554
2520809660
2720891073
1786687311
2653842123
2381840580
2321776837
2551939270
1645697360
2289336523
1960542412
2546958543
2313027793
1633452242
2694676691
2690318551
2158950341
2540667100
2507019642
2604237022
2784029392
2432729315
2661482724
1257636070
1691484391
2610692331
1719009523
1227391222
1885405432
1515979002
1883308284
2509537533
1921679615
2532737280
2796192002
2077458691
1908834564
2693038341
2502492422
30867720