1731199103
1853849731
2674393221
2385248392
2385019022
1957331087
2213544083
2834437324
1789821077
2667479190
2425651352
1957462170
1256292511
2710503584
2722955425
1373012130
1734279332
2217181350
2301132967
2637660331
2132410544
2381775025
2692350133
2186313911
2376401080
1751482554
2520809660
2720891073
1786687311
2653842123
2381840580
2321776837
2551939270
1645697360
2289336523
1960542412
2546958543
2313027793
1633452242
2694676691
2690318551
2158950341
2540667100
2507019642
2604237022
2784029392
2432729315
2661482724
1257636070
1691484391
2610692331
1719009523
1227391222
1885405432
1515979002
1883308284
2509537533
1921679615
2532737280
2796192002
2077458691
1908834564
2693038341
2502492422
30867720